* Melhor acurácia com o raw pixel foi 60 - 0.924, 63 - 0.925, 6 - 0.925

Size = 60 x 60
Loading data...
Spliting data...
Fitting knn
Predicting...
Accuracy:  0.924
[[ 96   0   0   0   0   1   0   0   0   0]
 [  0  95   0   0   0   0   0   0   0   0]
 [  0   4 101   1   1   0   1   2   1   0]
 [  0   1   0  99   0   1   0   0   2   0]
 [  0  10   2   0  82   0   0   0   0   1]
 [  1   0   0   4   0  91   1   0   0   0]
 [  2   5   0   0   0   0  99   0   0   0]
 [  1   8   0   0   0   0   0  85   0   3]
 [  1   5   0   3   0   1   0   1  75   1]
 [  0   1   0   0   3   0   0   6   1 101]]
              precision    recall  f1-score   support

         0.0       0.95      0.99      0.97        97
         1.0       0.74      1.00      0.85        95
         2.0       0.98      0.91      0.94       111
         3.0       0.93      0.96      0.94       103
         4.0       0.95      0.86      0.91        95
         5.0       0.97      0.94      0.95        97
         6.0       0.98      0.93      0.96       106
         7.0       0.90      0.88      0.89        97
         8.0       0.95      0.86      0.90        87
         9.0       0.95      0.90      0.93       112

    accuracy                           0.92      1000
   macro avg       0.93      0.92      0.92      1000
weighted avg       0.93      0.92      0.93      1000

* Pior com raw foi 5 - 0.796

Size = 5 x 5
Loading data...
Spliting data...
Fitting knn
Predicting...
Accuracy:  0.796
[[90  4  0  2  0  1  0  0  0  0]
 [ 0 92  0  0  0  0  1  1  1  0]
 [ 5  7 78  8  0  3  3  2  2  3]
 [ 1  0  2 94  0  4  0  1  0  1]
 [ 1 10  0  1 77  1  0  0  0  5]
 [ 3  3  0 13  0 77  1  0  0  0]
 [ 1  3  0  1  2  0 99  0  0  0]
 [ 0  6  0  1  3  1  0 74  0 12]
 [ 0  5  2  4  4 10  0 11 49  2]
 [ 0  4  1  0  5  0  0 36  0 66]]
              precision    recall  f1-score   support

         0.0       0.89      0.93      0.91        97
         1.0       0.69      0.97      0.80        95
         2.0       0.94      0.70      0.80       111
         3.0       0.76      0.91      0.83       103
         4.0       0.85      0.81      0.83        95
         5.0       0.79      0.79      0.79        97
         6.0       0.95      0.93      0.94       106
         7.0       0.59      0.76      0.67        97
         8.0       0.94      0.56      0.71        87
         9.0       0.74      0.59      0.66       112

    accuracy                           0.80      1000
   macro avg       0.81      0.80      0.79      1000
weighted avg       0.81      0.80      0.79      1000

* k=1 chegou em 0.926

Loading data...
Spliting data...
Fitting knn
Predicting...
Accuracy:  0.926
[[ 93   2   0   0   0   1   1   0   0   0]
 [  0  93   0   0   0   1   0   0   0   1]
 [  0   1 103   1   0   0   0   4   1   1]
 [  1   0   0  98   0   1   0   0   3   0]
 [  0   8   0   0  82   1   1   0   0   3]
 [  1   0   0   6   0  89   1   0   0   0]
 [  1   5   0   0   0   0 100   0   0   0]
 [  0   3   1   0   1   0   0  89   0   3]
 [  0   3   0   1   1   2   0   1  79   0]
 [  0   1   0   0   1   0   0  10   0 100]]
              precision    recall  f1-score   support

         0.0       0.97      0.96      0.96        97
         1.0       0.80      0.98      0.88        95
         2.0       0.99      0.93      0.96       111
         3.0       0.92      0.95      0.94       103
         4.0       0.96      0.86      0.91        95
         5.0       0.94      0.92      0.93        97
         6.0       0.97      0.94      0.96       106
         7.0       0.86      0.92      0.89        97
         8.0       0.95      0.91      0.93        87
         9.0       0.93      0.89      0.91       112

    accuracy                           0.93      1000
   macro avg       0.93      0.93      0.93      1000
weighted avg       0.93      0.93      0.93      1000

* Melhor com hog foi 24x24
split 80:20, random 10

Loading data...
Spliting data...
Fitting knn
Predicting...
Accuracy:  0.9875
[[43  0  0  0  0  0  0  0  0  0]
 [ 0 47  0  0  0  0  0  0  0  0]
 [ 0  0 34  0  0  0  0  0  0  0]
 [ 0  0  0 41  0  0  0  0  0  0]
 [ 0  0  0  0 48  0  0  0  0  2]
 [ 0  0  0  1  0 40  0  0  1  0]
 [ 0  0  0  0  0  0 24  0  0  0]
 [ 1  0  0  0  0  0  0 35  0  0]
 [ 0  0  0  0  0  0  0  0 40  0]
 [ 0  0  0  0  0  0  0  0  0 43]]
              precision    recall  f1-score   support

         0.0       0.98      1.00      0.99        43
         1.0       1.00      1.00      1.00        47
         2.0       1.00      1.00      1.00        34
         3.0       0.98      1.00      0.99        41
         4.0       1.00      0.96      0.98        50
         5.0       1.00      0.95      0.98        42
         6.0       1.00      1.00      1.00        24
         7.0       1.00      0.97      0.99        36
         8.0       0.98      1.00      0.99        40
         9.0       0.96      1.00      0.98        43

    accuracy                           0.99       400
   macro avg       0.99      0.99      0.99       400
weighted avg       0.99      0.99      0.99       400